-2039126
-8323200 -32513
-8324224 -25472 -8355585
-8332289 -27264 -8062839 -1736449
-29046 -128 -8341506 -32514 -8323100
-9088 -8061195 -32633 -8354381 -8323200 -32513
-404093 -8061454 -7799168 -31104 -7830624 -8355585 -32552
-8339201 -8323080 -266111 -23678 -8023936 -8027906 -8323200 -31802
-66688 -917538 -27006 -8268545 -8284932 -14858 -7865178 -7371136 -98052
-7761933 -32002 -393344 -144391 -425845 -8271719 -8005124 -13158 -8323200 -7568511
-66052 -32527 -7406456 -8220541 -8027650 -8337153 -198527 -8126496 -1133696 -5406541 -98158
-229137 -7700225 -262695 -425826 -8323122 -11018 -330111 -217213 -8257664 -8263427 -8343302 -8221312
-131102 -8222724 -491265 -3751937 -8354160 -2688 -8323110 -7556992 -32580 -17280 -7609862 -6228090 -542270
-477303 -8022632 -7687938 -333691 -7733631 -4159309 -6256897 -8127233 -32287 -5982848 -5833278 -31 -687736 -3087361
-158336 -669954 -1638460 -5996398 -360018 -8199938 -196735 -8346889 -7626103 -8193145 -5930753 -78974 -271148 -8323100 -32530
-5598330 -17532 -7929978 -6931 -3243778 -786558 -1393410 -8348417 -8270082 -4390918 -1342582 -65849 -8224084 -32564 -8257591 -8014973
-5833488 -32556 -6061877 -2391809 -16768 -2832647 -66175 -1651511 -8354817 -1205316 -291199 -7996286 -7953005 -8334340 -7437414 -66359 -6498158
-884226 -1917789 -4554602 -8290105 -7700225 -1446145 -8063868 -10110 -8350047 -8323630 -935169 -32579 -1572991 -8272385 -8326914 -1704252 -29307 -8279168
-1769787 -7735588 -96769 -7294 -7569229 -31615 -2556032 -163394 -8290051 -1725445 -8268666 -19328 -1188865 -2111309 -3898476 -8323200 -8273921 -8157824 -8338738
-8287832 -871938 -7307012 -8283257 -7550080 -491088 -8323117 -2031665 -2293887 -5144448 -212836 -6958593 -8257920 -7931905 -7231750 -1246977 -98054 -29821 -14628 -336512
-8158980 -3636842 -13184 -97596 -97917 -655938 -4095528 -7831168 -7736577 -5638762 -8341795 -32513 -8279810 -15105 -7602215 -5257030 -8341376 -148312 -4612 -640 -7372625
-3350632 -198012 -8224128 -8139054 -4685569 -95254 -2490397 -225404 -8086785 -77692 -3369555 -7680513 -5078838 -8082557 -3356990 -8323451 -1649666 -8331113 -3104640 -8323102 -425816 -8155720
-16511 -2779000 -1329154 -8338177 -3948160 -7762731 -8341360 -3211882 -227884 -3609602 -4029019 -8194575 -2129410 -8027138 -5248 -3014707 -536860 -8127104 -4394 -8326228 -8220243 -425841 -7105920
-403527 -424241 -1644033 -8061564 -32100 -7668542 -2046977 -2360393 -97793 -8078975 -666750 -8323078 -148016 -8353118 -2490388 -22388 -8159026 -5860223 -2098559 -8342542 -8135686 -8080983 -4750929 -7240963
-8333057 -5341038 -8210689 -1136899 -6847038 -7958656 -8338755 -1978629 -8136804 -6452744 -32620 -1835344 -5589120 -25216 -8348745 -2427908 -87855 -141432 -68142 -3629184 -7995410 -12592 -128 -7341941 -98049
-8349969 -8077574 -6520325 -5455458 -3015004 -8338304 -2242567 -917524 -345214 -4423532 -5900592 -6422656 -420992 -529492 -8325121 -4069634 -8345169 -4548222 -8355680 -1152 -22820 -8323150 -815373 -32610 -5275454 -142122
-4259968 -8061278 -1835531 -8087667 -4216955 -8334849 -8341107 -2123796 -29308 -19011 -8352517 -3358255 -4226817 -5066498 -80650 -346750 -4554579 -32521 -8205620 -227904 -1186904 -135806 -8218430 -5253760 -8060947 -3670581 -5930876
-4751225 -1212264 -7110401 -32257 -3948672 -8126591 -5324296 -27520 -3306516 -7929909 -4281707 -7754062 -8192005 -465535 -8337533 -8154648 -70691 -3212141 -279157 -4594232 -212526 -5275464 -8084096 -32313 -18697 -8201220 -7962214 -65594
-1507910 -3440388 -7538743 -4607612 -8276048 -4288384 -86860 -7471230 -4266242 -3621697 -7960645 -21376 -7340289 -8290165 -11593 -338812 -1050650 -8078201 -32128 -3034627 -75780 -8142595 -22303 -4816735 -8091652 -4987005 -32599 -262775 -97051
-3832956 -8323107 -7940865 -5406296 -3080243 -4412019 -7896190 -29311 -1605378 -1919489 -8344442 -1713665 -8289793 -1442563 -338814 -7932161 -7276662 -740984 -4414 -8086849 -160036 -6766655 -8212481 -8333676 -7044909 -4008320 -339763 -328064 -32605 -20011
-3212598 -8285311 -7733823 -1211467 -5183 -8354817 -5390464 -8192637 -5008712 -8273507 -2308414 -6455086 -2171651 -263288 -6231839 -753420 -4685438 -7548032 -6443796 -8218708 -1332993 -1048843 -17792 -1337984 -19266 -3735670 -3955327 -32626 -278288 -1453696 -7812370
-32554 -7870209 -8257809 -7864652 -3867186 -2891521 -8355412 -3882821 -21376 -1074746 -7682176 -1507340 -8355453 -32617 -8274523 -11083 -4816755 -323 -218455 -6323499 -7754758 -4673407 -3212134 -12571 -3493657 -207487 -8355587 -1070849 -66176 -7012473 -2457346 -8278070
-3833692 -6324034 -8350079 -1800712 -18435 -4667198 -7944033 -2818627 -8333950 -7537277 -8140831 -10803 -802173 -3423 -97644 -3891201 -5655044 -4217459 -3737204 -88699 -8152898 -3670017 -8323087 -6979449 -66600 -2235393 -17706 -32315 -3570560 -8323385 -8289539 -4472181 -131200
-4794177 -6619150 -8355701 -74624 -4080255 -3309361 -8323125 -151679 -3439995 -4653184 -1256712 -589952 -98135 -590849 -8283264 -468292 -96127 -4201590 -8329986 -8341761 -786490 -5012826 -5996289 -3559174 -4277827 -8352789 -8212786 -4613504 -86819 -81978 -752898 -8289092 -8323168 -8338806
-8340828 -3102069 -82047 -786545 -7240832 -3950856 -216913 -8323125 -8218186 -6192938 -8346881 -163334 -32565 -7876385 -5984128 -4456576 -4357121 -8126466 -3801164 -8271618 -4866630 -327723 -2360581 -226944 -1647363 -728168 -1204234 -31065 -8337782 -4457510 -6258513 -8257631 -85539 -7206 -4357999
-4284030 -70195 -2129433 -7765053 -152891 -3473473 -4423249 -7997263 -593409 -98107 -4218706 -1057385 -8026237 -7493760 -216071 -98151 -8323200 -1311102 -7536673 -8158977 -476539 -4350212 -8009031 -2884638 -8275204 -4335488 -2503428 -289664 -4850284 -3636607 -8338299 -7024922 -79679 -8349512 -7866113 -4734791
-22912 -590207 -8080164 -8339578 -8146177 -8323073 -1605128 -3604809 -65548 -3878272 -4072007 -5505151 -142659 -5201979 -2325376 -8281691 -6100995 -23599 -8350210 -3169538 -8336449 -2565126 -4292456 -4161346 -1063939 -7896121 -5734149 -5331324 -8323148 -32610 -6948655 -8060 -576 -229166 -6979199 -1918848 -14117
-5245055 -7882355 -79145 -2624285 -8192088 -8219260 -7035 -1053185 -3833675 -2247778 -7438147 -263743 -4784190 -16138 -737146 -4738432 -6913898 -8345858 -7995663 -4074112 -8216132 -4160893 -4279069 -4292097 -8355604 -23678 -3759626 -7675907 -7879939 -4473924 -418117 -32578 -8141890 -8204672 -294405 -818554 -1245823 -221710
-3890556 -8153090 -31009 -3637072 -4751231 -8091703 -2032144 -8061512 -18439 -8319 -3882368 -1933060 -6127363 -8323197 -8270924 -8273023 -942970 -7546629 -7034997 -163405 -6423553 -590464 -4947756 -8275718 -1644290 -4129148 -278652 -1080 -3559235 -2963713 -7896448 -2228824 -4130615 -32628 -151869 -9528 -8323102 -8213580 -6848352
-8332545 -2390788 -412689 -5077836 -6846465 -18998 -28288 -402949 -3619198 -5909602 -6555179 -196685 -3879488 -4391808 -1727615 -8771 -30497 -8339969 -8323198 -132355 -3670024 -32618 -655487 -7296 -146304 -8258123 -3620353 -7892283 -1603916 -1442859 -4226674 -7366672 -6572341 -3735892 -4751146 -8346989 -5266047 -2839131 -8335407 -8224625
-2980676 -687655 -2434054 -267109 -2621481 -7298880 -3491588 -8282881 -7340631 -7288662 -393342 -1853804 -8203792 -97868 -8258175 -4666240 -6258177 -7802170 -741890 -8353337 -4210280 -97404 -2846 -6127449 -6777728 -1539330 -3803759 -8082775 -22654 -3620420 -7554054 -408858 -13948 -13880 -4680806 -4003606 -5668139 -8272250 -220747 -2913664 -8258823
-3560519 -32560 -8354049 -4130597 -6757127 -8192085 -4554330 -7798911 -3243818 -6784 -206434 -8351039 -5443706 -8338261 -6586172 -8344901 -7878518 -873754 -687874 -4075648 -4863037 -20794 -1705344 -7798829 -140592 -263469 -8224120 -3220745 -360288 -5401215 -3474249 -8192003 -1529444 -76291 -852484 -8345608 -19326 -8349566 -488059 -7879692 -3883012 -4145001
-22116 -8202754 -8346686 -77616 -4939588 -1996801 -8336983 -7632897 -7824765 -7929924 -1388391 -8258173 -3569964 -205696 -8079432 -865040 -790273 -163454 -1276995 -31773 -8080385 -2970734 -6912317 -4423510 -8061472 -3277840 -349756 -3801394 -83203 -262784 -5004034 -8129793 -3815231 -4030329 -6781563 -7615868 -3277144 -131881 -4470023 -5522811 -3670656 -17789 -197198
-4292420 -1408 -1247838 -3474559 -3564039 -8258832 -2752820 -595783 -31360 -2769983 -7415114 -7699816 -10363 -5467520 -294727 -4602964 -3623695 -4750849 -8323125 -5308501 -480295 -13645 -3095 -7602293 -485142 -749147 -3151618 -8007937 -3231104 -8085554 -3474190 -7688320 -140802 -7820804 -7814464 -2781567 -7542017 -4751215 -8350835 -21630 -556552 -5779327 -7700286 -8286982
-5046393 -4408702 -8342397 -6499200 -1573248 -8342330 -2162739 -6323534 -8153215 -82498 -8282143 -412673 -32062 -2496874 -8323419 -5899845 -4882284 -3347715 -158804 -7633000 -8264707 -4030209 -5862016 -8008961 -4947760 -5458984 -8326955 -137344 -4325641 -8338506 -6976268 -1981528 -226174 -131092 -4737352 -74595 -2453567 -32513 -4271690 -84352 -3044221 -4149249 -1670949 -1259016 -335378
-7306598 -5057627 -548189 -4161392 -3046218 -204096 -8342093 -8073340 -655743 -8084998 -97661 -8281154 -8347264 -3956994 -4408920 -19244 -8352057 -3211804 -220544 -1520171 -280066 -4395899 -3539014 -4401180 -7221252 -1986412 -8192581 -262472 -5865277 -8132097 -7294 -3297832 -5469312 -8257545 -4029697 -32513 -8333637 -8355591 -163651 -5062657 -8287096 -1932580 -131076 -7538801 -3950207 -211835
-3944320 -5718824 -8354562 -583 -337022 -6227504 -486779 -2036225 -8335361 -2781031 -6904702 -80965 -8061565 -6369893 -3297025 -6584959 -8223583 -4086854 -65917 -2427185 -6258468 -5051008 -3620941 -7937550 -3899221 -3099 -4226819 -32568 -8323142 -556389 -8323080 -8215072 -1847299 -163084 -2981681 -216960 -3368064 -8269694 -3211338 -17190 -8151391 -930146 -6190654 -7550276 -19724 -8216066 -3538951
-3487304 -3886141 -7959554 -1995573 -8158256 -3624705 -22399 -468864 -3549565 -294657 -4325758 -265289 -3431545 -1386753 -8323075 -66319 -3176832 -7219065 -7175552 -8154448 -2849888 -8209525 -3802382 -2955528 -5717264 -32550 -66944 -5338181 -8126591 -3145800 -4095746 -8343814 -4343417 -280349 -8202558 -5078821 -78950 -151366 -10278 -7758460 -161151 -31563 -7217410 -6897214 -8323159 -876545 -7077940 -4135747
-1195642 -3360769 -7110402 -4743808 -673080 -8334462 -677139 -328320 -288588 -4849792 -4203539 -4331129 -8353847 -8062993 -3767411 -4075777 -8144677 -4281658 -3749500 -8352090 -3604484 -5209643 -8338750 -7930986 -201729 -532603 -4664131 -1407245 -3866662 -8132866 -8258865 -6050130 -79954 -6651260 -4784199 -19 -3112783 -471558 -2044474 -8276226 -786764 -8205927 -97339 -97916 -8216701 -6127443 -876910 -1122380 -8152065
-3014784 -211739 -3196 -4815420 -876928 -8355132 -97920 -4554527 -5209955 -2654067 -347661 -140872 -8344324 -6624381 -97842 -1 -4784960 -8070148 -6373649 -393770 -7368010 -3295764 -7882352 -4223355 -4866432 -15998 -4675585 -156161 -7667736 -4195331 -7438202 -4468782 -2193738 -4019013 -2326273 -3364480 -596061 -16194 -4528696 -8323200 -2163290 -6959999 -7765761 -4539231 -8346705 -8271163 -8192335 -32603 -1778440 -8220031
