-12713283
-16711936 -16776961
-16711936 -65521 -16249858
-16056065 -64762 -16711936 -16462338
-16711686 -16252884 -15728385 -1024 -457433
-15662593 -13424128 -16187438 -16737281 -193518 -137976
-16711936 -65502 -162845 -6361372 -16576514 -12800 -16383744
-16711936 -15362308 -14679043 -15140388 -65527 -12017 -59982 -14998526
-15859968 -393035 -190973 -16711724 -16742147 -15466496 -14286593 -272118 -15423
-15009512 -16237809 -9632991 -127291 -2041513 -16776961 -16775574 -4475909 -60413 -14222348
-16449744 -16777119 -11576 -63038 -119802 -16734721 -15203841 -4602 -15269921 -14723066 -11533045
-16753302 -10092513 -16384252 -391933 -194091 -1280 -85131 -933889 -16056355 -14155009 -12616960 -16636535
-56576 -591617 -15360516 -12058621 -64642 -14951422 -2977464 -16776367 -16366334 -16381703 -199936 -14221367 -2199297
-11663870 -16121602 -15532288 -11890944 -978832 -16748033 -120850 -506 -45054 -149249 -15838136 -16711614 -13173037 -210800
-65516 -14811462 -16696529 -597064 -126235 -9033464 -484091 -226111 -16382978 -13204488 -16711936 -12909507 -917755 -16134672 -11435007
-16777119 -63487 -5307169 -16543460 -12583143 -67834 -16769519 -16149588 -15235585 -95624 -132679 -10484180 -9281792 -997892 -1241452 -14811175
-60666 -65161 -1790 -16647186 -15552519 -151553 -13735172 -15662849 -69925 -14615792 -9174931 -8273832 -16774620 -16763135 -319755 -9630716 -1008064
-15794381 -30464 -5767075 -16388614 -16751792 -16611326 -65480 -2557524 -218980 -15007664 -16449025 -449537 -15500356 -459247 -13825532 -875777 -15112195 -9084928
-4718598 -16577250 -64256 -1271049 -18255 -11365888 -16318211 -16384353 -15635716 -190067 -16747159 -11337630 -132546 -11386368 -16666115 -91104 -16711927 -7536616 -63751
-92412 -13556478 -8027392 -917835 -1252097 -29548 -10342987 -128510 -123680 -1705459 -16613809 -15990863 -16753287 -16711618 -15273217 -8323070 -7339937 -9397249 -15663866 -16773890
-546565 -16082758 -16050944 -60167 -16777158 -161659 -64768 -16023053 -788227 -10088549 -16711936 -16493312 -8892918 -2164476 -9371597 -23550 -12320791 -259693 -2893442 -15283103 -14085897
-918523 -8357628 -195430 -23281 -15467234 -63744 -8847291 -14547715 -10082304 -1051137 -15138907 -16319494 -9798795 -851459 -1600829 -16707554 -15073181 -98715 -16274179 -6522888 -985439 -16740608
-12286 -15225093 -11320062 -16767383 -196533 -15830273 -1529494 -10415823 -589569 -16441825 -161887 -16730725 -1991425 -7962487 -4522233 -3478397 -760317 -15067678 -1572877 -8058728 -63839 -16287742 -14614646
-453469 -230773 -65281 -15073025 -14681686 -8426399 -15795179 -262461 -15683588 -9700866 -9172658 -16616710 -16369292 -8780541 -7046386 -16558314 -8189 -8996059 -129235 -16252160 -1125388 -1600770 -31469 -9043808
-127054 -15991290 -8191991 -13631473 -524622 -1765889 -16635369 -65440 -218861 -16673933 -13772290 -15596547 -16777144 -15859796 -29063 -1377017 -9741819 -6517622 -16423009 -15107330 -2640385 -11138649 -312064 -16543995 -5683332
-121088 -6815994 -1118 -15962116 -9794687 -16711804 -124932 -8298232 -8712607 -3700310 -8060416 -15736833 -1930497 -8787530 -30096 -13365494 -16499453 -398571 -16511749 -329218 -25327 -12153130 -9790972 -16056200 -16767915 -719242
-8255152 -16316168 -8643832 -7992417 -14419297 -65360 -64737 -2755394 -9805690 -16578292 -16423426 -32512 -1384123 -16741747 -16145667 -8819383 -4464387 -15138824 -10701555 -110985 -415295 -17795 -982785 -16622069 -15007988 -16183207 -2779908
-750844 -9135238 -204779 -14797568 -1163269 -1642247 -124523 -16515191 -6336589 -7993017 -15616033 -8968701 -167304 -14221312 -15203587 -3997782 -16287213 -195565 -15821057 -7900920 -16430501 -16252601 -7943936 -16711936 -13567000 -20764 -15850829 -77163
-13337860 -9411169 -4524291 -551171 -9298244 -16693489 -5701625 -15634565 -530010 -16599408 -35328 -15354117 -7013234 -10120959 -16645641 -917249 -8822206 -1113940 -11665408 -16580836 -881547 -10489 -7926181 -51085 -14107 -3604723 -16051448 -16186043 -5538560
-7999754 -162147 -65513 -8452971 -16259414 -8033139 -8429055 -15923168 -9485 -12052219 -9267593 -16105583 -6683119 -589872 -64925 -4788619 -8976054 -15749635 -2201088 -1035351 -393980 -1855217 -12424962 -2712577 -16455162 -62221 -15696892 -478853 -15978236 -7860747
-14549348 -3212891 -14876950 -189817 -71605 -357880 -18250 -1398276 -15961603 -15531979 -102299 -2905248 -57602 -15596035 -5621323 -16383112 -10785280 -2294796 -14100993 -9347774 -4129275 -16698561 -13630464 -6471059 -16409339 -7432785 -16253127 -16353452 -15771488 -8575227 -63993
-394751 -15400929 -13786879 -15269892 -1572902 -16416396 -1934609 -8192749 -156224 -391261 -13449217 -1369601 -15335546 -15505409 -2608552 -4172275 -7973746 -15852802 -86510 -12557550 -193780 -14811050 -6316635 -9975420 -10157526 -8282625 -10931190 -16296582 -936578 -2231940 -16111337 -8975187
-12516857 -16639437 -8288757 -8856837 -3278652 -15952639 -196572 -786678 -16768768 -12322298 -16737686 -15594847 -12118685 -7972494 -9604785 -870397 -2638405 -516097 -588661 -2115841 -4524942 -30549 -15044356 -15765113 -11337474 -8173305 -3451707 -34302 -15162884 -16122224 -221324 -6223580 -15991063
-240009 -808958 -16187715 -16557178 -12913155 -386385 -127988 -12505600 -154513 -6707965 -15859457 -16560134 -13041643 -16281602 -16712698 -6881110 -15709440 -16646 -328953 -5571475 -984838 -6984577 -62209 -7271587 -11692415 -1640275 -16777102 -16769248 -16642496 -16401674 -6802429 -7042739 -15887095 -4225540
-353797 -15922440 -15763378 -5917454 -3866736 -2000801 -4325294 -16950 -1179664 -11173629 -7374487 -16575110 -334844 -8501783 -15710338 -14488834 -131011 -9414912 -13993237 -5113852 -15925415 -12875367 -64773 -2122723 -1847931 -15073840 -5677690 -15390720 -7403892 -762103 -16335526 -392795 -12254658 -9757431 -16775398
-241060 -8151292 -16647165 -360184 -16666608 -255998 -16344435 -1699456 -4053809 -13786369 -16318209 -16383694 -6918395 -348032 -6390785 -9613771 -6706829 -16772858 -4474 -16723313 -14679389 -2633735 -15581541 -1180154 -421463 -16558740 -11927521 -7971195 -5570844 -9174932 -15616 -13183490 -5177468 -491552 -16101877 -8053759
-8215934 -3915268 -13325835 -7579390 -8189694 -211433 -11751413 -15641427 -16711525 -16318209 -16734109 -6258254 -9534952 -555408 -15460350 -194003 -7587415 -2559362 -3866875 -16625890 -7470504 -35572 -16581498 -128579 -15964417 -16749958 -12451823 -454031 -14811392 -558 -8102317 -14360580 -91138 -2825473 -15531950 -7471143 -16243641
-1444611 -2228985 -16711800 -4391043 -95525 -6878816 -9398884 -130905 -6725888 -13959142 -16777080 -2555397 -14906364 -3343165 -14593025 -2840431 -4947713 -14958337 -9242069 -12690675 -15537481 -15889305 -15119757 -10160385 -9433344 -4214289 -7647400 -610806 -16576686 -3790497 -3950500 -15793154 -8302957 -16375276 -16617259 -233728 -557724 -2030555
-302584 -16733783 -8100863 -4608765 -1048831 -15925283 -16006916 -16449652 -16102405 -807571 -6422273 -3211286 -9433804 -15663612 -23295 -64849 -6654105 -15597302 -16546050 -16017869 -14220736 -49665 -11721470 -16038400 -881158 -8282526 -15708079 -1442912 -4408833 -14724728 -5686754 -7468124 -6068586 -2750366 -95859 -522696 -15912803 -8599807 -143142
-2695566 -2298684 -6191610 -49148 -11126778 -1720113 -8125360 -16248259 -16711784 -161026 -1899011 -11700463 -327525 -16450339 -8711656 -216697 -8956833 -6265430 -13827320 -9870092 -5635416 -16499900 -16254975 -221693 -272109 -16182398 -5680379 -16499952 -7895457 -16669078 -884843 -16347766 -188582 -15594810 -6830849 -12884067 -5644514 -16340200 -15736579 -16740097
-16294550 -6947962 -469734 -8245951 -1338363 -363956 -134258 -4061442 -8154120 -15834891 -6552978 -3684364 -6325646 -9158749 -2818772 -16473337 -8059903 -16468484 -2651956 -324335 -16710148 -204849 -65389 -10794125 -11436472 -10732793 -8088574 -14750214 -1633712 -8212823 -10948326 -129831 -15727721 -14155775 -16660848 -3670065 -16572402 -2318237 -2263041 -16513466 -28002
-3189141 -542024 -16242043 -7303672 -4388609 -577570 -15116154 -13728250 -9407155 -15974427 -16286722 -16710875 -8519009 -16628992 -15075839 -1307760 -14614561 -15562106 -5389852 -5287780 -524286 -15518676 -2425592 -14688005 -16124525 -7444102 -11986932 -16645121 -1573663 -8798594 -11402949 -15947521 -535931 -101814 -19202 -4457348 -130989 -7404028 -405219 -355328 -4096513 -7054825
-12931315 -3307145 -135002 -14193905 -16036524 -16619610 -14910477 -15872 -1282654 -15585277 -1114635 -7203601 -213282 -15402865 -16470152 -5657321 -5599523 -16180399 -14875787 -33534 -695461 -7733182 -15775513 -11721980 -2187189 -13893886 -3933569 -119812 -2425083 -916731 -8702592 -326547 -15793651 -8059133 -192334 -9045270 -16146762 -8560524 -5451777 -6418003 -293129 -7366286 -9345784
-6630659 -12211352 -11468850 -3866736 -151177 -4868506 -362637 -619508 -6660514 -40484 -392119 -7926899 -16513940 -1478233 -16432420 -53504 -196220 -15469948 -15662282 -2423043 -7031545 -13542374 -11194108 -16645629 -16673275 -274121 -7761797 -14444034 -6591564 -6918647 -16300652 -4819460 -10222778 -278273 -2033960 -11909537 -14754537 -16558515 -80187 -3277047 -14544395 -4900086 -12207439 -7075535
-16692064 -2098957 -9025241 -8057333 -11420722 -14347049 -9194107 -1010944 -607026 -14090508 -9340786 -198396 -60554 -15287524 -3988481 -325575 -6784763 -5334148 -3731059 -526417 -567294 -4422913 -16450040 -15703304 -5309565 -25881 -9959584 -12713720 -173326 -16739883 -15763179 -14210528 -4343811 -16709521 -6400911 -5901053 -16552603 -15010129 -8126300 -7821549 -929973 -13425077 -494723 -22153 -12760318
-30520 -5374455 -328274 -16776961 -468223 -10761132 -16057011 -11443886 -12616969 -16318542 -14680037 -5045251 -12707072 -65536 -3431819 -14582627 -14155793 -9043948 -9169078 -7470677 -11777536 -15750145 -16688346 -7187712 -6854022 -16121498 -16372280 -5596969 -16770299 -189206 -15778185 -9182724 -1376783 -8014731 -3204820 -15951991 -8239204 -475957 -4336050 -2153052 -2129155 -848016 -10517759 -364502 -2124020 -556167
-6419455 -14190596 -4072029 -7305318 -7502242 -68570 -3672718 -588298 -16773629 -5703168 -735052 -13041647 -12765182 -16711900 -11060375 -16449461 -11439860 -8042442 -16289089 -15359917 -15285763 -97342 -13228123 -7664264 -6878402 -15727873 -12340981 -15597832 -5800500 -7315200 -16690323 -7780354 -8913738 -123814 -14770783 -5659900 -2425857 -11139 -389885 -127573 -13762946 -734472 -219901 -1740041 -16621765 -29558 -229823
-8757498 -16406284 -15497732 -15236969 -16776961 -10353402 -2929326 -7527341 -1407572 -4065666 -3097869 -1950048 -16037379 -11992495 -2281465 -7053745 -10821125 -12966140 -63788 -14220141 -3642583 -4724039 -13301475 -404990 -6265680 -284018 -16211061 -928647 -687108 -11681002 -6053228 -11599985 -15848910 -16630783 -9806728 -16107118 -8479918 -7405422 -4259334 -262402 -16122352 -6577408 -24825 -15500541 -7840029 -64657 -3015643 -16515887
-7514008 -11664849 -355967 -3080986 -7494559 -14871029 -5527380 -130048 -15514368 -668510 -28997 -69503 -15991027 -492274 -15925365 -6465062 -14581250 -5231770 -9162982 -12795116 -14726933 -4721402 -16278622 -4318432 -16740768 -16756410 -13433603 -12361860 -6943526 -793332 -14620751 -2776832 -16562285 -8832122 -16318157 -127245 -7479810 -63640 -9805501 -7377383 -14908654 -2616662 -16277788 -27651 -5006369 -7625453 -13894145 -6032499 -16642949
-16452420 -15838058 -5181430 -62793 -1596808 -7434233 -34872 -13481974 -9084319 -8799645 -5697707 -194051 -14679555 -5517371 -6908059 -5740283 -16574965 -400108 -8782199 -63901 -7134840 -36593 -16723713 -458472 -12803710 -5570533 -12155486 -1479433 -16749048 -8060230 -1927501 -13170171 -2579969 -14222083 -135501 -16099764 -36498 -15883521 -16182217 -9426430 -21470 -1966200 -2830085 -11176720 -11336130 -7775086 -16429575 -15007992 -16405495 -16506496
